  60  20  61  77   0   0   0 4  40  20  40  40  60  40  80  40
 120  40  62  93   0   0   0 7 100  40 100  60 120  20 120  60 140  20 140  40 140  60
 360  60  83  56   0   0   0 6 340  40 340  60 340  80 360  80 380  60 380  80
 500  60  55  74   0   0   0 2 480  80 500  40
 120 100  62  67   0   0   0 4 120  80 120 120 140  80 140 100
 280 100  78  74   0   0   0 7 260  80 260 100 280  80 280 120 300  80 300 100 300 120
 300 100  81  92   0   0   0 8 280  80 280 100 280 120 300  80 300 120 320  80 320 100 320 120
 320 140 125  71   0   0   0 5 300 140 300 160 320 120 340 120 340 140
 380 140  98  74   0   0   0 6 360 120 360 140 380 120 400 120 400 140 400 160
 420 140  91  61   0   0   0 8 400 120 400 140 400 160 420 120 420 160 440 120 440 140 440 160
 180 160 104  98   0   0   0 8 160 140 160 160 160 180 180 140 180 180 200 140 200 160 200 180
 260 180 107  73   0   0   0 7 240 160 240 180 240 200 260 160 260 200 280 180 280 200
 460 180  52  90   0   0   0 3 440 180 460 160 460 200
 160 200  94  60   0   0   0 8 140 180 140 200 140 220 160 180 160 220 180 180 180 200 180 220
 180 200 117  61   0   0   0 7 160 180 160 200 160 220 180 180 180 220 200 200 200 220
 240 200  99  64   0   0   0 8 220 180 220 200 220 220 240 180 240 220 260 180 260 200 260 220
 460 200  76  70   0   0   0 5 440 180 440 200 460 180 460 220 480 220
 400 220 143  64   0   0   0 4 400 200 400 240 420 220 420 240
 180 240 104  65   0   0   0 7 160 220 160 240 160 260 180 220 180 260 200 220 200 240
 260 240 120  64   0   0   0 7 240 220 240 240 240 260 260 220 260 260 280 220 280 240
 400 260 143  80   0   0   0 5 380 280 400 240 400 280 420 240 420 260
 460 280 106  59   0   0   0 8 440 260 440 280 440 300 460 260 460 300 480 260 480 280 480 300
 240 300 157  74   0   0   0 4 220 280 240 280 260 280 260 300
 260 300 157  91   0   0   0 5 240 280 240 300 260 280 280 280 280 300
 300 320  94  52   0   0   0 5 280 320 300 300 300 340 320 320 320 340
 440 320 119  72   0   0   0 5 440 300 440 340 460 300 460 320 460 340
 500 340  70  94   0   0   0 3 480 360 500 320 500 360
 440 360  74  65   0   0   0 5 420 340 420 360 440 340 460 360 460 380
  60 380  79  76   0   0   0 8  40 360  40 380  40 400  60 360  60 400  80 360  80 380  80 400
  80 380  94  89   0   0   0 5  60 360  60 380  80 360  80 400 100 400
 320 380  89  94   0   0   0 7 300 380 300 400 320 360 320 400 340 360 340 380 340 400
 380 380  55  55   0   0   0 5 360 380 360 400 380 360 400 360 400 400
  40 400  51  93   0   0   0 6  20 420  40 380  40 420  60 380  60 400  60 420
 140 400 124  93   0   0   0 5 120 400 120 420 140 420 160 400 160 420
 360 400  51  84   0   0   0 6 340 380 340 400 340 420 360 380 360 420 380 380
 340 420  71  71   0   0   0 8 320 400 320 420 320 440 340 400 340 440 360 400 360 420 360 440
 460 420  71  74   0   0   0 5 440 400 440 420 460 400 460 440 480 400
 100 440 110  97   0   0   0 7  80 440  80 460 100 420 100 460 120 420 120 440 120 460
 340 440  76  74   0   0   0 8 320 420 320 440 320 460 340 420 340 460 360 420 360 440 360 460
 120 480 102  81   0   0   0 8 100 460 100 480 100 500 120 460 120 500 140 460 140 480 140 500
 180 480  83  85   0   0   0 7 160 460 160 480 180 460 180 500 200 460 200 480 200 500
 140 500  75  95   0   0   0 4 120 480 120 500 140 480 160 480
 480  20  51   0  74   0   0 3 460  20 500  20 500  40
 180  40  84   0  80   0   0 8 160  20 160  40 160  60 180  20 180  60 200  20 200  40 200  60
 100  60  88   0  88   0   0 5  80  40  80  60 120  40 120  60 120  80
 360  80  89   0  56   0   0 8 340  60 340  80 340 100 360  60 360 100 380  60 380  80 380 100
  80 100  51   0  95   0   0 2  60  80  60 100
 220 100  80   0  63   0   0 6 200  80 200 100 200 120 220 120 240 100 240 120
 400 100  79   0  82   0   0 7 380 100 380 120 400  80 400 120 420  80 420 100 420 120
 200 120  86   0  88   0   0 8 180 100 180 120 180 140 200 100 200 140 220 100 220 120 220 140
 180 140  95   0  88   0   0 8 160 120 160 140 160 160 180 120 180 160 200 120 200 140 200 160
 300 140 118   0  85   0   0 6 280 120 280 140 300 120 300 160 320 120 320 140
 340 140 146   0  92   0   0 4 320 140 340 160 360 140 360 160
 340 160 157   0  62   0   0 4 340 140 340 180 360 160 360 180
 380 160 144   0  84   0   0 4 360 140 360 160 360 180 400 180
 220 180  92   0  60   0   0 8 200 160 200 180 200 200 220 160 220 200 240 160 240 180 240 200
 440 180  79   0  51   0   0 8 420 160 420 180 420 200 440 160 440 200 460 160 460 180 460 200
 420 200 107   0  97   0   0 5 420 180 420 220 440 180 440 200 440 220
 280 240 137   0  64   0   0 7 260 220 260 240 260 260 280 220 280 260 300 220 300 260
  60 260  79   0  59   0   0 7  40 240  40 260  40 280  60 280  80 240  80 260  80 280
 200 260 145   0  53   0   0 6 180 260 180 280 200 240 220 240 220 260 220 280
 260 260 123   0  81   0   0 7 240 240 240 260 260 240 260 280 280 240 280 260 280 280
 220 280 143   0  98   0   0 5 200 260 220 260 240 260 240 280 240 300
 160 300 158   0  64   0   0 2 160 280 180 280
  60 320 109   0  69   0   0 6  40 320  60 300  60 340  80 300  80 320  80 340
 360 320 132   0  74   0   0 4 340 300 340 320 360 300 380 300
 320 340 106   0  79   0   0 6 300 320 300 340 320 320 320 360 340 320 340 340
 120 360 147   0  97   0   0 6 100 340 100 360 100 380 120 340 140 340 140 360
 300 360 137   0  84   0   0 5 280 340 280 360 280 380 300 340 300 380
 380 360  84   0  50   0   0 7 360 340 360 360 360 380 380 340 380 380 400 340 400 360
 280 420 111   0  64   0   0 7 260 420 260 440 280 400 280 440 300 400 300 420 300 440
  40 440  58   0  80   0   0 6  20 420  20 460  40 420  40 460  60 420  60 440
  60 440  83   0  62   0   0 7  40 420  40 440  40 460  60 420  60 460  80 420  80 440
 200 500  60   0  66   0   0 5 180 480 180 500 200 480 220 480 220 500
 320 500  61   0  78   0   0 4 300 480 300 500 340 480 340 500
 400 160 109   0   0 480  20 6 380 140 400 140 400 180 420 140 420 160 420 180
 340 100  98   0   0 180  40 6 320 120 340  80 340 120 360  80 360 100 360 120
 200 180  81   0   0 100  60 6 180 160 180 180 200 160 220 160 220 180 220 200
 240 140 110   0   0 360  80 8 220 120 220 140 220 160 240 120 240 160 260 120 260 140 260 160
  80 260  74   0   0  80 100 6  60 260  60 280  80 240  80 280 100 240 100 260
  40  20  53   0   0 220 100 4  20  40  40  40  60  20  60  40
 440 260 105   0   0 400 100 8 420 240 420 260 420 280 440 240 440 280 460 240 460 260 460 280
 120 300 113   0   0 200 120 8 100 280 100 300 100 320 120 280 120 320 140 280 140 300 140 320
 100 320 106   0   0 180 140 7  80 300  80 320  80 340 100 300 100 340 120 300 120 320
 400 300 101   0   0 300 140 6 380 300 380 320 400 280 420 280 420 300 420 320
 340 320 132   0   0 340 140 6 320 300 320 340 340 300 340 340 360 300 360 320
 460 300 105   0   0 340 160 8 440 280 440 300 440 320 460 280 460 320 480 280 480 300 480 320
 280 260 149   0   0 380 160 6 260 260 260 280 280 240 280 280 300 260 300 280
 160 180  90   0   0 220 180 8 140 160 140 180 140 200 160 160 160 200 180 160 180 180 180 200
 460 240 120   0   0 440 180 6 440 220 440 240 440 260 460 220 460 260 480 240
 260 120 120   0   0 420 200 5 240 120 240 140 260 140 280 120 280 140
 280 400 135   0   0 280 240 5 260 400 260 420 280 380 280 420 300 400
  20 260  65   0   0  60 260 5  20 240  20 280  40 240  40 260  40 280
 200 440 142   0   0 200 260 3 180 420 180 440 220 440
 260 280 148   0   0 260 260 7 240 280 240 300 260 260 260 300 280 260 280 280 280 300
  60 300  84   0   0 220 280 8  40 280  40 300  40 320  60 280  60 320  80 280  80 300  80 320
 160 460 102   0   0 160 300 8 140 440 140 460 140 480 160 440 160 480 180 440 180 460 180 480
 100 340 132   0   0  60 320 5 100 320 100 360 120 320 120 340 120 360
 340 480  54   0   0 360 320 7 320 460 320 500 340 460 340 500 360 460 360 480 360 500
 360 220 149   0   0 320 340 4 340 200 340 240 360 200 360 240
  20 220  76   0   0 120 360 4  20 200  20 240  40 220  40 240
 360 380  70   0   0 300 360 7 340 360 340 380 340 400 360 360 360 400 380 360 380 380
 500 320  73   0   0 380 360 2 500 300 500 340
 180 260 129   0   0 280 420 7 160 240 160 260 160 280 180 240 180 280 200 240 200 260
  60 280  76   0   0  40 440 8  40 260  40 280  40 300  60 260  60 300  80 260  80 280  80 300
  80 340  89   0   0  60 440 6  60 320  60 340  60 360  80 320  80 360 100 320
 200 460 106   0   0 200 500 5 180 440 180 460 180 480 200 480 220 460
 220 480  77   0   0 320 500 6 200 480 200 500 220 460 220 500 240 460 240 480
 500  20  61   0   0   0   0 2 480  20 500  40
  20  40  58   0   0   0   0 2  40  20  40  40
  20 500  54   0   0   0   0 2  20 480  40 480
 440 500  56   0   0   0   0 2 420 480 420 500
 160  20  56   0   0   0   0 5 140  20 140  40 160  40 180  20 180  40
 460 160  66   0   0   0   0 6 440 140 440 160 440 180 460 140 460 180 480 140
 200 160  93   0   0   0   0 8 180 140 180 160 180 180 200 140 200 180 220 140 220 160 220 180
 160  60  71   0   0   0   0 8 140  40 140  60 140  80 160  40 160  80 180  40 180  60 180  80
 240 220 104   0   0   0   0 8 220 200 220 220 220 240 240 200 240 240 260 200 260 220 260 240
 420 160  97   0   0   0   0 6 400 140 400 160 420 140 420 180 440 160 440 180
 420 240 120   0   0   0   0 8 400 220 400 240 400 260 420 220 420 260 440 220 440 240 440 260
 480 300 121   0   0   0   0 5 460 280 460 300 460 320 480 280 480 320
 220 200  95   0   0   0   0 8 200 180 200 200 200 220 220 180 220 220 240 180 240 200 240 220
 140 220  83   0   0   0   0 6 120 220 120 240 140 200 140 240 160 200 160 220
 120 260 123   0   0   0   0 6 100 280 120 240 120 280 140 240 140 260 140 280
 220 240 121   0   0   0   0 8 200 220 200 240 200 260 220 220 220 260 240 220 240 240 240 260
 120  60  78   0   0   0   0 7 100  40 100  60 120  40 120  80 140  40 140  60 140  80
 380 320  84   0   0   0   0 5 360 340 380 340 400 300 400 320 400 340
 400 140  99   0   0   0   0 7 380 120 380 140 400 120 400 160 420 120 420 140 420 160
 100 240  77   0   0   0   0 7  80 220  80 240  80 260 100 220 100 260 120 220 120 240
 440 400  65   0   0   0   0 6 420 400 420 420 440 420 460 380 460 400 460 420
 440 160  91   0   0   0   0 7 420 140 420 160 420 180 440 140 440 180 460 140 460 160
 180 220 104   0   0   0   0 8 160 200 160 220 160 240 180 200 180 240 200 200 200 220 200 240
 120 200  51   0   0   0   0 7 100 180 100 200 100 220 120 180 120 220 140 180 140 200
 160 120  91   0   0   0   0 8 140 100 140 120 140 140 160 100 160 140 180 100 180 120 180 140
 300 180 148   0   0   0   0 4 280 160 280 180 300 160 300 200
 500 100  56   0   0   0   0 3 480  80 480 100 480 120
 100 300 113   0   0   0   0 8  80 280  80 300  80 320 100 280 100 320 120 280 120 300 120 320
 420 340  85   0   0   0   0 7 400 320 400 340 400 360 420 320 420 360 440 340 440 360
 420 300  80   0   0   0   0 6 400 300 400 320 420 280 420 320 440 280 440 300
 140 280 117   0   0   0   0 7 120 260 120 280 120 300 140 260 140 300 160 260 160 280
 460 360  81   0   0   0   0 7 440 340 440 360 460 340 460 380 480 340 480 360 480 380
 120 320 112   0   0   0   0 7 100 300 100 320 100 340 120 300 120 340 140 300 140 320
 460 260 102   0   0   0   0 8 440 240 440 260 440 280 460 240 460 280 480 240 480 260 480 280
 140 240 100   0   0   0   0 7 120 240 120 260 140 220 140 260 160 220 160 240 160 260
 300 440  83   0   0   0   0 8 280 420 280 440 280 460 300 420 300 460 320 420 320 440 320 460
 100 260  82   0   0   0   0 6  80 240  80 260  80 280 100 240 120 240 120 280
  80 300 100   0   0   0   0 8  60 280  60 300  60 320  80 280  80 320 100 280 100 300 100 320
 100 360 130   0   0   0   0 4 100 340 100 380 120 340 120 360
 340 300 141   0   0   0   0 4 320 300 340 320 360 300 360 320
 120 140  74   0   0   0   0 5 100 160 120 120 140 120 140 140 140 160
  60 500  61   0   0   0   0 3  40 480  60 480  80 500
 300 380 106   0   0   0   0 6 280 380 300 360 300 400 320 360 320 380 320 400
 100 160  58   0   0   0   0 4  80 180 100 180 120 140 120 180
 420 360  62   0   0   0   0 4 400 340 400 360 420 340 440 360
 140 420  90   0   0   0   0 5 120 420 120 440 140 400 140 440 160 440
 420 320  74   0   0   0   0 7 400 300 400 320 400 340 420 300 420 340 440 300 440 340
 480 400  63   0   0   0   0 5 460 380 460 400 460 420 480 380 500 380
  80 460 129   0   0   0   0 6  60 460  80 440  80 480 100 440 100 460 100 480
 260 200 104   0   0   0   0 8 240 180 240 200 240 220 260 180 260 220 280 180 280 200 280 220
 440 140  66   0   0   0   0 7 420 120 420 140 440 120 440 160 460 120 460 140 460 160
 140 440 104   0   0   0   0 8 120 420 120 440 120 460 140 420 140 460 160 420 160 440 160 460
 420 260 118   0   0   0   0 8 400 240 400 260 400 280 420 240 420 280 440 240 440 260 440 280
 180 180 102   0   0   0   0 8 160 160 160 180 160 200 180 160 180 200 200 160 200 180 200 200
 200  40  65   0   0   0   0 5 180  20 180  40 180  60 200  20 200  60
  80 240  64   0   0   0   0 6  60 260  80 220  80 260 100 220 100 240 100 260
 180  20  77   0   0   0   0 5 160  20 160  40 180  40 200  20 200  40
 300  80  73   0   0   0   0 7 280  60 280  80 280 100 300 100 320  60 320  80 320 100
 200  80  72   0   0   0   0 6 180  60 180  80 180 100 200  60 200 100 220 100
 260 500  63   0   0   0   0 4 240 480 260 480 280 480 280 500
 140  80  65   0   0   0   0 8 120  60 120  80 120 100 140  60 140 100 160  60 160  80 160 100
 340 240 154   0   0   0   0 3 360 220 360 240 360 260
 500 360  63   0   0   0   0 4 480 360 480 380 500 340 500 380
 220 220 115   0   0   0   0 8 200 200 200 220 200 240 220 200 220 240 240 200 240 220 240 240
 460 340 105   0   0   0   0 7 440 320 440 340 460 320 460 360 480 320 480 340 480 360
 140 360 142   0   0   0   0 3 120 340 120 360 140 340
 340 380  62   0   0   0   0 6 320 380 340 360 340 400 360 360 360 380 360 400
 320 460  62   0   0   0   0 7 300 440 300 460 300 480 320 440 340 440 340 460 340 480
 280 120  92   0   0   0   0 7 260 100 260 120 280 100 280 140 300 100 300 120 300 140
 360 300 141   0   0   0   0 5 340 300 340 320 360 320 380 280 380 300
 240 280 152   0   0   0   0 6 220 260 220 280 240 260 240 300 260 280 260 300
 380 340  95   0   0   0   0 5 360 340 360 360 380 320 380 360 400 340
  80 420  79   0   0   0   0 6  60 400  60 420  60 440  80 400  80 440 100 420
  60 480  92   0   0   0   0 6  40 460  40 480  60 460  60 500  80 480  80 500
  20 340  62   0   0   0   0 4  20 320  20 360  40 340  40 360
 480 280 115   0   0   0   0 5 460 260 460 280 460 300 480 260 480 300
  80 200  64   0   0   0   0 5  80 180  80 220 100 180 100 200 100 220
 200 220 107   0   0   0   0 8 180 200 180 220 180 240 200 200 200 240 220 200 220 220 220 240
  80 400  91   0   0   0   0 5  60 380  80 380  80 420 100 400 100 420
 300 120  96   0   0   0   0 6 280 100 280 120 280 140 300 100 300 140 320 120
 500 380  55   0   0   0   0 4 480 360 480 380 480 400 500 360
 500 240  57   0   0   0   0 3 480 220 500 220 500 260
 220 440 148   0   0   0   0 2 200 440 240 440
 300 280 149   0   0   0   0 6 280 260 280 280 280 300 300 260 300 300 320 300
  60 460 106   0   0   0   0 5  60 440  60 480  80 440  80 460  80 480
 160 400 139   0   0   0   0 3 140 400 160 420 180 420
 380 460  79   0   0   0   0 4 360 440 360 460 360 480 380 480
 340 460  65   0   0   0   0 7 320 440 320 460 340 440 340 480 360 440 360 460 360 480
 360 240 152   0   0   0   0 3 340 240 360 220 360 260
  20 460  51   0   0   0   0 4  20 480  40 440  40 460  40 480
 380 120  84   0   0   0   0 7 360 100 360 120 380 100 380 140 400 100 400 120 400 140
 200 200 117   0   0   0   0 7 180 180 180 200 180 220 200 220 220 180 220 200 220 220
 400 420  52   0   0   0   0 4 400 400 420 400 420 420 420 440
 240 160 112   0   0   0   0 8 220 140 220 160 220 180 240 140 240 180 260 140 260 160 260 180
 280 320 126   0   0   0   0 5 280 300 280 340 300 300 300 320 300 340
 220 500  55   0   0   0   0 4 200 480 200 500 220 480 240 480
 360 480  78   0   0   0   0 7 340 460 340 480 340 500 360 460 360 500 380 460 380 480
 400 320  62   0   0   0   0 5 380 320 400 340 420 300 420 320 420 340
 400 360  58   0   0   0   0 5 380 360 380 380 400 340 420 340 420 360
 280 140 113   0   0   0   0 7 260 120 260 140 260 160 280 120 280 160 300 120 300 140
 100 180  57   0   0   0   0 6  80 180  80 200 100 160 100 200 120 180 120 200
 320 300 130   0   0   0   0 4 300 280 300 300 340 300 340 320
 340 360  77   0   0   0   0 7 320 360 320 380 340 340 340 380 360 340 360 360 360 380
 180 120  85   0   0   0   0 7 160 100 160 120 180 100 180 140 200 100 200 120 200 140
 340 200 158   0   0   0   0 4 340 180 360 180 360 200 360 220
 500 300  68   0   0   0   0 2 500 280 500 320
  40 260  62   0   0   0   0 7  20 240  20 260  20 280  40 240  40 280  60 260  60 280
 260 400 154   0   0   0   0 3 260 420 280 380 280 400
 440 120  63   0   0   0   0 8 420 100 420 120 420 140 440 100 440 140 460 100 460 120 460 140
 400 400  53   0   0   0   0 4 380 380 400 420 420 400 420 420
 260 100  85   0   0   0   0 6 240 100 240 120 260  80 280  80 280 100 280 120
 340  40  62   0   0   0   0 6 320  20 320  40 320  60 340  20 340  60 360  60
  80 220  63   0   0   0   0 5  80 200  80 240 100 200 100 220 100 240
  40 480  70   0   0   0   0 6  20 460  20 480  20 500  40 460  60 480  60 500
 140  60  77   0   0   0   0 8 120  40 120  60 120  80 140  40 140  80 160  40 160  60 160  80
 160  80  80   0   0   0   0 8 140  60 140  80 140 100 160  60 160 100 180  60 180  80 180 100
  40 220  60   0   0   0   0 4  20 200  20 220  20 240  40 240
 240 460  97   0   0   0   0 6 220 460 220 480 240 440 240 480 260 440 260 460
 460 220 105   0   0   0   0 7 440 200 440 220 440 240 460 200 460 240 480 220 480 240
 360 100  99   0   0   0   0 8 340  80 340 100 340 120 360  80 360 120 380  80 380 100 380 120
 240 120  89   0   0   0   0 7 220 100 220 120 220 140 240 100 240 140 260 100 260 120
 380 480  73   0   0   0   0 5 360 460 360 480 360 500 380 460 400 500
 240 240 119   0   0   0   0 8 220 220 220 240 220 260 240 220 240 260 260 220 260 240 260 260
  40 380  58   0   0   0   0 6  20 360  40 360  40 400  60 360  60 380  60 400
 320 420  80   0   0   0   0 8 300 400 300 420 300 440 320 400 320 440 340 400 340 420 340 440
 460 380  51   0   0   0   0 7 440 360 440 400 460 360 460 400 480 360 480 380 480 400
 260 420 127   0   0   0   0 4 240 440 260 400 280 400 280 420
 180 460 102   0   0   0   0 6 160 440 160 460 180 440 180 480 200 460 200 480
  40 280  59   0   0   0   0 8  20 260  20 280  20 300  40 260  40 300  60 260  60 280  60 300
 500 260  56   0   0   0   0 3 480 260 500 240 500 280
 120  80  76   0   0   0   0 6 100  60 120  60 120 100 140  60 140  80 140 100
 140 300 121   0   0   0   0 6 120 280 120 300 120 320 140 280 140 320 160 280
 340 340 100   0   0   0   0 7 320 320 320 340 320 360 340 320 340 360 360 340 360 360
 340 180 157   0   0   0   0 4 340 160 340 200 360 180 360 200
 140  20  60   0   0   0   0 5 120  20 120  40 140  40 160  20 160  40
 420  80  63   0   0   0   0 4 400  80 400 100 420 100 440 100
 460 120  86   0   0   0   0 7 440 120 440 140 460 100 460 140 480 100 480 120 480 140
 460 400  71   0   0   0   0 6 440 400 440 420 460 380 460 420 480 380 480 400
 320 440  83   0   0   0   0 8 300 420 300 440 300 460 320 420 320 460 340 420 340 440 340 460
 160 140 116   0   0   0   0 7 140 120 140 140 140 160 160 120 160 160 180 140 180 160
 440 100  51   0   0   0   0 4 420  80 420 100 440 120 460 100
 140  40  74   0   0   0   0 8 120  20 120  40 120  60 140  20 140  60 160  20 160  40 160  60
 280 500  61   0   0   0   0 5 260 480 260 500 280 480 300 480 300 500
 260 440  88   0   0   0   0 5 240 460 260 460 280 420 280 440 280 460
  40 240  64   0   0   0   0 6  20 220  20 240  20 260  40 220  40 260  60 260
 460 320 113   0   0   0   0 8 440 300 440 320 440 340 460 300 460 340 480 300 480 320 480 340
 480 140  67   0   0   0   0 4 460 120 460 140 460 160 480 120
 300 260 153   0   0   0   0 4 280 240 280 260 280 280 300 280
 480 220  71   0   0   0   0 5 460 200 460 220 480 240 500 220 500 240
 460 100  76   0   0   0   0 6 440 100 440 120 460 120 480  80 480 100 480 120
 400 180 141   0   0   0   0 3 380 160 400 160 400 200
 320 360  95   0   0   0   0 6 300 340 300 380 320 340 320 380 340 340 340 360
  80 180  51   0   0   0   0 4  80 200 100 160 100 180 100 200
 200 240 118   0   0   0   0 8 180 220 180 240 180 260 200 220 200 260 220 220 220 240 220 260
  80 320 102   0   0   0   0 7  60 300  60 320  60 340  80 300  80 340 100 300 100 320
 120  20  62   0   0   0   0 4 100  40 120  40 140  20 140  40
 100 380 143   0   0   0   0 4 100 360 100 400 120 360 120 400
 280 360 147   0   0   0   0 3 280 340 280 380 300 360
 480 360  77   0   0   0   0 8 460 340 460 360 460 380 480 340 480 380 500 340 500 360 500 380
 140 200  67   0   0   0   0 7 120 180 120 200 120 220 140 180 140 220 160 180 160 200
 140 320 126   0   0   0   0 5 120 300 120 320 120 340 140 300 140 340
 160 240 121   0   0   0   0 7 140 240 140 260 160 220 160 260 180 220 180 240 180 260
 320  40  62   0   0   0   0 5 320  20 320  60 340  20 340  40 340  60
 440 200  91   0   0   0   0 7 420 180 420 200 420 220 440 180 440 220 460 200 460 220
 300 340 118   0   0   0   0 6 280 320 280 340 300 320 300 360 320 340 320 360
 120 340 136   0   0   0   0 7 100 340 100 360 120 320 120 360 140 320 140 340 140 360
  80 440 103   0   0   0   0 7  60 440  60 460  80 420  80 460 100 420 100 440 100 460
 280 200 119   0   0   0   0 7 260 180 260 200 260 220 280 180 280 220 300 200 300 220
 140 100  64   0   0   0   0 7 120  80 120 100 120 120 140  80 160  80 160 100 160 120
 120 420 114   0   0   0   0 8 100 400 100 420 100 440 120 400 120 440 140 400 140 420 140 440
 320 100  63   0   0   0   0 4 300  80 300 100 320  80 340  80
 120 120  77   0   0   0   0 5 120 100 120 140 140 100 140 120 140 140
 420 120  91   0   0   0   0 7 400 100 400 120 400 140 420 100 420 140 440 120 440 140
 400  80  67   0   0   0   0 4 380  60 400 100 420  80 420 100
 440  40  56   0   0   0   0 1 460  20
 180  80  79   0   0   0   0 8 160  60 160  80 160 100 180  60 180 100 200  60 200  80 200 100
 140 480 102   0   0   0   0 7 120 460 120 480 120 500 140 460 140 500 160 460 160 480
 360 120 107   0   0   0   0 7 340 100 340 120 360 100 360 140 380 100 380 120 380 140
  20 300  61   0   0   0   0 4  20 280  20 320  40 280  40 300
  60  40  73   0   0   0   0 6  40  20  40  40  60  20  60  60  80  40  80  60
  60 400  51   0   0   0   0 6  40 380  40 400  40 420  60 380  60 420  80 420
 340  80  88   0   0   0   0 8 320  60 320  80 320 100 340  60 340 100 360  60 360  80 360 100
  20 280  55   0   0   0   0 5  20 260  20 300  40 260  40 280  40 300
 160 440 117   0   0   0   0 8 140 420 140 440 140 460 160 420 160 460 180 420 180 440 180 460
 140 340 143   0   0   0   0 4 120 340 120 360 140 320 140 360
  60 360  84   0   0   0   0 8  40 340  40 360  40 380  60 340  60 380  80 340  80 360  80 380
 100 480 107   0   0   0   0 6  80 460  80 480 100 460 100 500 120 460 120 480
 460  20  52   0   0   0   0 2 440  40 480  20
 140 260 116   0   0   0   0 8 120 240 120 260 120 280 140 240 140 280 160 240 160 260 160 280
 100 400 119   0   0   0   0 6  80 380  80 400 100 380 100 420 120 400 120 420
 460 440  61   0   0   0   0 2 440 420 460 420
 200  20  56   0   0   0   0 3 180  20 180  40 200  40
 320  60  60   0   0   0   0 6 300  80 320  40 320  80 340  40 340  60 340  80
 260  80  75   0   0   0   0 5 240 100 260 100 280  60 280  80 280 100
 360 260 154   0   0   0   0 3 340 240 360 240 380 280
  80 480 107   0   0   0   0 5  60 460  60 480  80 460 100 460 100 480
  40 340  66   0   0   0   0 7  20 320  20 340  20 360  40 320  40 360  60 340  60 360
 500  40  59   0   0   0   0 3 480  20 500  20 500  60
 320  80  60   0   0   0   0 6 300  80 300 100 320  60 320 100 340  60 340  80
 440 280 100   0   0   0   0 8 420 260 420 280 420 300 440 260 440 300 460 260 460 280 460 300
 280 220 117   0   0   0   0 7 260 200 260 220 260 240 280 200 280 240 300 200 300 220
 200 480  82   0   0   0   0 7 180 460 180 480 180 500 200 460 200 500 220 480 220 500
 180  60  80   0   0   0   0 8 160  40 160  60 160  80 180  40 180  80 200  40 200  60 200  80
 380 100 113   0   0   0   0 6 360  80 360 100 360 120 380  80 380 120 400 100
 480  80  67   0   0   0   0 4 460 100 480 100 500  60 500 100
 280 380 134   0   0   0   0 5 260 400 280 360 280 400 300 360 300 380
 300 160 143   0   0   0   0 5 280 160 280 180 300 140 300 180 320 140
 400 340  83   0   0   0   0 8 380 320 380 340 380 360 400 320 400 360 420 320 420 340 420 360
 260 160 130   0   0   0   0 7 240 140 240 160 260 140 260 180 280 140 280 160 280 180
 240 180  88   0   0   0   0 7 220 160 220 180 220 200 240 160 240 200 260 180 260 200
  80 360  93   0   0   0   0 5  60 340  60 360  60 380  80 340  80 380
 280 300 130   0   0   0   0 6 260 280 260 300 280 280 280 320 300 280 300 300
 280  60  55   0   0   0   0 3 260  80 280  80 300  80
 160 260 114   0   0   0   0 7 140 240 140 260 140 280 160 240 160 280 180 240 180 260
  20 120  59   0   0   0   0 2  20 100  40 100
 280 280 142   0   0   0   0 8 260 260 260 280 260 300 280 260 280 300 300 260 300 280 300 300
  40 360  57   0   0   0   0 6  20 340  20 360  40 340  40 380  60 360  60 380
 440 420  60   0   0   0   0 7 420 400 420 420 420 440 440 400 460 400 460 420 460 440
 280 180 128   0   0   0   0 8 260 160 260 180 260 200 280 160 280 200 300 160 300 180 300 200
 280 480  70   0   0   0   0 8 260 460 260 480 260 500 280 460 280 500 300 460 300 480 300 500
 280 440  78   0   0   0   0 7 260 440 260 460 280 420 280 460 300 420 300 440 300 460
 420 440  52   0   0   0   0 3 400 420 420 420 440 420
 280 160 147   0   0   0   0 6 260 140 260 160 280 140 280 180 300 160 300 180
 200 100  83   0   0   0   0 7 180  80 180 100 180 120 200  80 200 120 220 100 220 120
  80  60  60   0   0   0   0 6  60  40  60  60  60  80  80  40 100  40 100  60
 380 280 148   0   0   0   0 5 360 260 360 300 380 300 400 260 400 280
 100 500  78   0   0   0   0 4  80 500 100 480 120 480 120 500
 140 460 106   0   0   0   0 7 120 440 120 460 120 480 140 440 140 480 160 440 160 460
 340  60  77   0   0   0   0 7 320  40 320  60 320  80 340  40 340  80 360  60 360  80
 360 180 146   0   0   0   0 6 340 160 340 180 340 200 360 160 360 200 380 160
 160 280 141   0   0   0   0 7 140 260 140 280 140 300 160 260 160 300 180 260 180 280
 360 440  84   0   0   0   0 6 340 420 340 440 340 460 360 420 360 460 380 460
 440 300  91   0   0   0   0 8 420 280 420 300 420 320 440 280 440 320 460 280 460 300 460 320
 320 120 104   0   0   0   0 6 300 100 300 120 300 140 320 140 340 100 340 120
 320 320  85   0   0   0   0 3 300 320 320 340 340 340
 480 380  58   0   0   0   0 7 460 360 460 380 460 400 480 360 480 400 500 360 500 380
  20 420  62   0   0   0   0 3  40 400  40 420  40 440
 340 400  79   0   0   0   0 8 320 380 320 400 320 420 340 380 340 420 360 380 360 400 360 420
 240 480  65   0   0   0   0 6 220 480 220 500 240 460 260 460 260 480 260 500
 440 220 118   0   0   0   0 7 420 200 420 220 420 240 440 200 440 240 460 220 460 240
 420 500  70   0   0   0   0 3 400 500 420 480 440 500
 420 420  64   0   0   0   0 6 400 400 400 420 420 400 420 440 440 400 440 420
 300 400 102   0   0   0   0 7 280 400 280 420 300 380 300 420 320 380 320 400 320 420
 160 160  94   0   0   0   0 8 140 140 140 160 140 180 160 140 160 180 180 140 180 160 180 180
 280  80  64   0   0   0   0 6 260  80 260 100 280  60 280 100 300  80 300 100
 240 440 125   0   0   0   0 4 220 440 220 460 240 460 260 420
 360 360  87   0   0   0   0 7 340 340 340 360 340 380 360 340 360 380 380 340 380 360
 220 260 127   0   0   0   0 7 200 240 200 260 220 240 220 280 240 240 240 260 240 280
 100 280 118   0   0   0   0 6  80 280  80 300 100 300 120 260 120 280 120 300
  60  60  55   0   0   0   0 6  40  40  40  80  60  40  60  80  80  40  80  60
  80 280 103   0   0   0   0 8  60 260  60 280  60 300  80 260  80 300 100 260 100 280 100 300
 120 440 107   0   0   0   0 8 100 420 100 440 100 460 120 420 120 460 140 420 140 440 140 460
 420 480  59   0   0   0   0 3 400 500 420 500 440 500
 480 240  98   0   0   0   0 5 460 220 460 240 460 260 480 220 480 260
 160 480  71   0   0   0   0 5 140 480 140 500 160 460 180 480 180 500
 480 100  76   0   0   0   0 5 460 100 460 120 480  80 480 120 500 100
 300 200 137   0   0   0   0 5 280 180 280 200 280 220 300 180 300 220
  20 100  63   0   0   0   0 3  20 120  40  80  40 100
 420 180 102   0   0   0   0 6 400 160 420 160 420 200 440 160 440 180 440 200
 180 440 118   0   0   0   0 7 160 420 160 440 160 460 180 420 180 460 200 440 200 460
 360 340  94   0   0   0   0 6 340 340 340 360 360 360 380 320 380 340 380 360
  80 500  64   0   0   0   0 3  60 480  60 500 100 500
 140 140  90   0   0   0   0 7 120 120 120 140 140 120 140 160 160 120 160 140 160 160
  40 300  54   0   0   0   0 6  20 280  20 300  20 320  40 280  60 280  60 300
 480 320 126   0   0   0   0 5 460 300 460 320 460 340 480 300 480 340
 120 280 107   0   0   0   0 8 100 260 100 280 100 300 120 260 120 300 140 260 140 280 140 300
 160 100  82   0   0   0   0 8 140  80 140 100 140 120 160  80 160 120 180  80 180 100 180 120
  40  80  61   0   0   0   0 5  20 100  40 100  60  60  60  80  60 100
 340  20  53   0   0   0   0 3 320  20 320  40 340  40
 500 280  53   0   0   0   0 2 500 260 500 300
 100 200  55   0   0   0   0 8  80 180  80 200  80 220 100 180 100 220 120 180 120 200 120 220
 160 420 127   0   0   0   0 6 140 400 140 440 160 400 160 440 180 420 180 440
 400 280 130   0   0   0   0 6 380 280 380 300 400 260 400 300 420 260 420 280
 200 140  94   0   0   0   0 8 180 120 180 140 180 160 200 120 200 160 220 120 220 140 220 160
 300 420  92   0   0   0   0 7 280 420 280 440 300 400 300 440 320 400 320 420 320 440
 260 220 121   0   0   0   0 8 240 200 240 220 240 240 260 200 260 240 280 200 280 220 280 240
 220 460 111   0   0   0   0 4 200 460 220 480 240 440 240 460
 200  60  57   0   0   0   0 5 180  40 180  60 180  80 200  40 200  80
  40 100  62   0   0   0   0 5  20 100  20 120  40  80  60  80  60 100
 360 420  67   0   0   0   0 5 340 400 340 420 340 440 360 400 360 440
 260 480  66   0   0   0   0 6 240 480 260 460 260 500 280 460 280 480 280 500
 120 400 141   0   0   0   0 4 100 380 100 400 120 420 140 400
 300 460  65   0   0   0   0 7 280 440 280 460 280 480 300 440 300 480 320 440 320 460
  40 460  69   0   0   0   0 6  20 460  20 480  40 440  40 480  60 440  60 480
 300 500  63   0   0   0   0 4 280 480 280 500 300 480 320 500
 420 280 110   0   0   0   0 7 400 280 400 300 420 260 420 300 440 260 440 280 440 300
 160 220 113   0   0   0   0 7 140 220 140 240 160 200 160 240 180 200 180 220 180 240
 140 120 101   0   0   0   0 6 120 120 120 140 140 140 160 100 160 120 160 140
 180 420 145   0   0   0   0 5 160 400 160 420 160 440 180 440 200 440
 440 240 115   0   0   0   0 8 420 220 420 240 420 260 440 220 440 260 460 220 460 240 460 260
 140 160  90   0   0   0   0 6 120 140 140 140 140 180 160 140 160 160 160 180
 380  60  68   0   0   0   0 3 360  60 360  80 400  80
  20 240  58   0   0   0   0 5  20 220  20 260  40 220  40 240  40 260
 360 200 143   0   0   0   0 4 340 180 340 200 360 180 360 220
  80  40  60   0   0   0   0 6  60  20  60  40  60  60  80  60 100  40 100  60
 240 100  73   0   0   0   0 5 220 100 220 120 240 120 260  80 260 100
 180 500  55   0   0   0   0 4 160 480 180 480 200 480 200 500
  40  40  69   0   0   0   0 5  20  40  40  20  60  20  60  40  60  60
 340 500  56   0   0   0   0 4 320 500 340 480 360 480 360 500
 380  80 108   0   0   0   0 4 360  60 360  80 360 100 380 100
 360 460  73   0   0   0   0 7 340 440 340 460 340 480 360 440 360 480 380 460 380 480
 480 260  86   0   0   0   0 5 460 260 460 280 480 240 480 280 500 260
 220 160  86   0   0   0   0 8 200 140 200 160 200 180 220 140 220 180 240 140 240 160 240 180
 120 220  64   0   0   0   0 7 100 200 100 220 100 240 120 200 120 240 140 200 140 220
  60 420  56   0   0   0   0 6  40 400  40 420  40 440  60 400  60 440  80 420
 460 140  66   0   0   0   0 7 440 120 440 140 440 160 460 120 460 160 480 120 480 140
 120 500  77   0   0   0   0 4 100 500 120 480 140 480 140 500
 240 260 118   0   0   0   0 7 220 240 220 260 220 280 240 240 240 280 260 240 260 260
 300 480  51   0   0   0   0 7 280 460 280 480 280 500 300 460 300 500 320 460 320 500
 120 460 108   0   0   0   0 8 100 440 100 460 100 480 120 440 120 480 140 440 140 460 140 480
 280 340 135   0   0   0   0 4 280 320 280 360 300 340 300 360
 160  40  65   0   0   0   0 8 140  20 140  40 140  60 160  20 160  60 180  20 180  40 180  60
 400 500  59   0   0   0   0 3 380 480 420 480 420 500
 420 100  79   0   0   0   0 7 400  80 400 100 400 120 420  80 420 120 440 100 440 120
 500 220  63   0   0   0   0 2 480 220 500 240
 300 300 117   0   0   0   0 6 280 280 280 300 280 320 300 280 300 320 320 300
 100 220  59   0   0   0   0 7  80 200  80 220  80 240 100 200 100 240 120 200 120 220
 280 460  73   0   0   0   0 8 260 440 260 460 260 480 280 440 280 480 300 440 300 460 300 480
  20 320  74   0   0   0   0 5  20 300  20 340  40 300  40 320  40 340
 420 400  60   0   0   0   0 5 400 400 400 420 420 420 440 400 440 420
  60  80  71   0   0   0   0 6  40  80  40 100  60  60  60 100  80  60  80 100
 120 180  57   0   0   0   0 6 100 160 100 180 100 200 120 200 140 180 140 200
 400 200 143   0   0   0   0 3 400 180 400 220 420 220
 120 240  95   0   0   0   0 7 100 240 100 260 120 220 120 260 140 220 140 240 140 260
 360 140 123   0   0   0   0 6 340 120 340 140 360 120 360 160 380 140 380 160
 260 140 122   0   0   0   0 6 240 140 240 160 260 120 260 160 280 140 280 160
 360 500  62   0   0   0   0 4 340 480 340 500 360 480 380 480
 180 100  85   0   0   0   0 8 160  80 160 100 160 120 180  80 180 120 200  80 200 100 200 120
  20 200  53   0   0   0   0 2  20 220  40 220
 480 340 108   0   0   0   0 5 460 320 460 340 460 360 480 320 480 360
 360 160 127   0   0   0   0 5 340 140 340 160 360 140 360 180 380 160
 220 120  92   0   0   0   0 8 200 100 200 120 200 140 220 100 220 140 240 100 240 120 240 140
 420 220 118   0   0   0   0 8 400 200 400 220 400 240 420 200 420 240 440 200 440 220 440 240
 320 400  94   0   0   0   0 7 300 380 300 400 300 420 320 380 320 420 340 400 340 420
 100 460 120   0   0   0   0 8  80 440  80 460  80 480 100 440 100 480 120 440 120 460 120 480
 440 340  98   0   0   0   0 7 420 320 420 340 440 320 440 360 460 320 460 340 460 360
 320  20  52   0   0   0   0 3 320  40 340  20 340  40
 260 460  75   0   0   0   0 7 240 460 240 480 260 440 260 480 280 440 280 460 280 480
 180 280 157   0   0   0   0 4 160 280 160 300 180 260 200 260
  60 340  93   0   0   0   0 7  40 320  40 340  60 320  60 360  80 320  80 340  80 360
 400 240 144   0   0   0   0 5 400 220 400 260 420 220 420 240 420 260
 100  40  53   0   0   0   0 5  80  40  80  60 120  20 120  40 120  60
  40 320  95   0   0   0   0 5  20 320  40 340  60 300  60 320  60 340
 380 300 119   0   0   0   0 5 360 300 360 320 380 280 400 280 400 300
  40 420  58   0   0   0   0 6  20 420  40 400  40 440  60 400  60 420  60 440
  20 480  60   0   0   0   0 4  20 460  20 500  40 460  40 480
 220 140  95   0   0   0   0 8 200 120 200 140 200 160 220 120 220 160 240 120 240 140 240 160
 340 120 111   0   0   0   0 6 320 120 320 140 340 100 360 100 360 120 360 140
 100 420  99   0   0   0   0 7  80 400  80 420  80 440 100 400 100 440 120 420 120 440
 140 180  75   0   0   0   0 7 120 180 120 200 140 160 140 200 160 160 160 180 160 200
  20 360  52   0   0   0   0 4  20 340  40 340  40 360  40 380
  60 100  65   0   0   0   0 4  40  80  40 100  60  80  80 100
 480 120  66   0   0   0   0 6 460 100 460 120 460 140 480 100 480 140 500 100
 400 120  74   0   0   0   0 7 380 120 380 140 400 100 400 140 420 100 420 120 420 140
 300 220 146   0   0   0   0 4 280 200 280 220 280 240 300 200
 500 500  30   0   0   0   0 0
